# cam0 is not used, but expected from the code
cam0:
  T_cam_imu:
  - [0.999975, 0.007038, -0.000812, -0.037983]
  - [-0.007035, 0.999969, 0.003395, 0.002513]
  - [0.000836, -0.003389, 0.999994, -0.001260]
  - [0.000000, 0.000000, 0.000000, 1.000000]
  cam_overlap: [1]
  camera_model: pinhole
  distortion_coeffs: [0.008701, -0.018283, 0.038756, -0.025935]
  distortion_model: equidistant
  intrinsics: [469.650280, 469.551357, 375.629402, 236.808264]
  resolution: [752, 480]
  rostopic: /camera/rgb/image_raw
rgb:
  T_rgb_cam0:
  - [0.999968, 0.003327, -0.007251, -0.001814]
  - [-0.003260, 0.999953, 0.009178, -0.028674]
  - [0.007281, -0.009154, 0.999932, -0.020372]
  - [0.000000, 0.000000, 0.000000, 1.000000]
  distortion_coeffs: [0.000000, 0.000000, 0.000000, 0.000000, 0.000000]
  distortion_model: plumb_bob
  intrinsics: [626.804931640625, 633.3905029296875, 321.7983703613281, 232.6509246826172]
  resolution: [640, 480]
depth:
  distortion_coeffs: [0.000000, 0.000000, 0.000000, 0.000000, 0.000000]
  distortion_model: plumb_bob
  depth_correction: [-0.025925, 0.024734]
  intrinsics: [454.63311767578125, 454.63311767578125, 243.63607788085938, 178.88510131835938]
  resolution: [480, 360]
vicon:
  T_vicon_cam:
  
  # good one:
#  - [-0.220723885829879,  -0.973264408569225,   0.063540201735239,  -0.007794527818806]
#  - [0.973655234243020,  -0.223698692292081,  -0.044208369094355,  -0.007306909182233]
#  - [0.057240292236576,   0.052108406991665,   0.996999630323634,  -0.004633578760994]
#  - [0.0,0.0,0.0,1.0]
  - [-0.221160422879790,  -0.973353109035512,   0.060595317331751,  -0.001898924921057]
  - [0.973328385845109,  -0.224186852353078,  -0.048704296937471,  -0.001341307001605]
  - [0.060991152307418,   0.048207679501532,   0.996973469545349,  -0.006312079894766]
  - [0.0,0.0,0.0,1.0]
